# From http://www.helmod.org/files/LIS/ProtonLIS_K.txt
# Last line removed because it introduces a discontinuity in the extrapolation to Ekin>100TeV
# Kinetic Energy [GeV], LIS [(m^2 s sr GeV)^{-1}]
Ekin Flux
1.000000000000000888e-03 6.441975820204667798e+03
1.070000000000015383e-03 7.905502242306875814e+03
1.144900000000004248e-03 8.310429162344591532e+03
1.225043000000036741e-03 8.473665555092649811e+03
1.310796010000059297e-03 8.580939277977899110e+03
1.402551730700030141e-03 8.675819899359899864e+03
1.500730351848944544e-03 8.768894267548248536e+03
1.605781476478496117e-03 8.862863751135564598e+03
1.718186179831993066e-03 8.958485998068432309e+03
1.838459212420207045e-03 9.056025856064057734e+03
1.967151357289531610e-03 9.155616094138300468e+03
2.104851952299813256e-03 9.257355843154535251e+03
2.252191588960839042e-03 9.361330797684198842e+03
2.409845000188148845e-03 9.467625110119613964e+03
2.578534150201261532e-03 9.576316451859791414e+03
2.759031540715328745e-03 9.687479414490982890e+03
2.952163748565439505e-03 9.801183087526200325e+03
3.158815210965060238e-03 9.917491613978463647e+03
3.379932275732633329e-03 1.003645995850009604e+04
3.616527535033831064e-03 1.015813436943875786e+04
3.869684462486255860e-03 1.028255082250886517e+04
4.140562374860268235e-03 1.040973210114808535e+04
4.430401741100431501e-03 1.053965115345942286e+04
4.740529862977460596e-03 1.067229596623093312e+04
5.072366953385865074e-03 1.080767343387601250e+04
5.427432640122908936e-03 1.094574524183615358e+04
5.807352924931508120e-03 1.108644828904684618e+04
6.213867629676794735e-03 1.122969050052628882e+04
6.648838363754072667e-03 1.137535229851796976e+04
7.114257049216865525e-03 1.152328719948089383e+04
7.612255042662052773e-03 1.167331645918366121e+04
8.145112895648454199e-03 1.182522913628810420e+04
8.715270798343777159e-03 1.197877770798762322e+04
9.325339754227890410e-03 1.213368110038111445e+04
9.978113537023824975e-03 1.228961634445601521e+04
1.067658148461547718e-02 1.244622446130525714e+04
1.142394218853859389e-02 1.260310283954490114e+04
1.222361814173622552e-02 1.275980935320124991e+04
1.307927141165787788e-02 1.291585832010077320e+04
1.399482041047384051e-02 1.307072244158919784e+04
1.497445783920703377e-02 1.322383384888857290e+04
1.602266988795153502e-02 1.337458527124871580e+04
1.714425678010811360e-02 1.352233231011301359e+04
1.834435475471574151e-02 1.366640819198013014e+04
1.962845958754588782e-02 1.380611999754150565e+04
2.100245175867410108e-02 1.394074322045470035e+04
2.247262338178124264e-02 1.406951400955976533e+04
2.404570701850594627e-02 1.419167299947373249e+04
2.572890650980130811e-02 1.430651437043270926e+04
2.752992996548742077e-02 1.441333753255007286e+04
2.945702506307157353e-02 1.451142407325632121e+04
3.151901681748647821e-02 1.459997662221405699e+04
3.372534799471060829e-02 1.467820098708275691e+04
3.608612235434038862e-02 1.474535555878585546e+04
3.861215091914416142e-02 1.480078497724865883e+04
4.131500148348432599e-02 1.484389865852536786e+04
4.420705158732818330e-02 1.487415586742141204e+04
4.730154519844120831e-02 1.489103546178366014e+04
5.061265336233211620e-02 1.489398713679201319e+04
5.415553909769532659e-02 1.488247666629071136e+04
5.794642683453399279e-02 1.485586249823866638e+04
6.200267671295134342e-02 1.481362027557642796e+04
6.634286408285805514e-02 1.475530336429585077e+04
7.098686456865799244e-02 1.468053697603136607e+04
7.595594508846414961e-02 1.458902575660160801e+04
8.127286124465671335e-02 1.448056838185092784e+04
8.696196153178270549e-02 1.435502368735340860e+04
9.304929883900747711e-02 1.421239776018893281e+04
9.956274975773782288e-02 1.405276594935162939e+04
1.065321422407796703e-01 1.387628743869339814e+04
1.139893921976342650e-01 1.368313981659997808e+04
1.219686496514686969e-01 1.347356343623306566e+04
1.305064551270713746e-01 1.324786315169844966e+04
1.396419069859664575e-01 1.300639903243584558e+04
1.494168404749840473e-01 1.274958022516223355e+04
1.598760193082329195e-01 1.247795956429581020e+04
1.710673406598093305e-01 1.219214508997684607e+04
1.830420545059960880e-01 1.189279965919396636e+04
1.958549983214157297e-01 1.158062668270137510e+04
2.095648482039147442e-01 1.125631306385920834e+04
2.242343875781889206e-01 1.092063511537556224e+04
2.399307947086621873e-01 1.057441603582413882e+04
2.567259503382686159e-01 1.021847462682816513e+04
2.746967668619473280e-01 9.853660527074065612e+03
2.939255405422838141e-01 9.480846998505843658e+03
3.145003283802436655e-01 9.100724826193376430e+03
3.365153513668608376e-01 8.715564160698126216e+03
3.600714259625410474e-01 8.326272496208815937e+03
3.852764257799190517e-01 7.933942287850185494e+03
4.122457755845134741e-01 7.539669282107106483e+03
4.411029798754293463e-01 7.144653216009168318e+03
4.719801884667096381e-01 6.750085875050715913e+03
5.050188016593795126e-01 6.357239569882318392e+03
5.403701177755362295e-01 5.967541638043049716e+03
5.781960260198240054e-01 5.582690217043921621e+03
6.186697478412115370e-01 5.204772558153125829e+03
6.619766301900962269e-01 4.836336459621952599e+03
7.083149943034026119e-01 4.480311490889509514e+03
7.578970439046408547e-01 4.138062248176361209e+03
8.109498369779659654e-01 3.810625925087906126e+03
8.677163255664239738e-01 3.499083405909546855e+03
9.284564683560736498e-01 3.203769097547922229e+03
9.934484211409986276e-01 2.924755997874695367e+03
1.062989810620869280e+00 2.661980494939264645e+03
1.137399097364330425e+00 2.415375490680282383e+03
1.217017034179833646e+00 2.184817698076121360e+03
1.302208226572421745e+00 1.970086774476721985e+03
1.393362802432491998e+00 1.770926277848834388e+03
1.490898198602766511e+00 1.586972123302281489e+03
1.595261072504960742e+00 1.417777659198333822e+03
1.706929347580308010e+00 1.262797792679930126e+03
1.826414401910929408e+00 1.121423196334827026e+03
1.954263410044695837e+00 9.930115101564350653e+02
2.091061848747824747e+00 8.768745639820861015e+02
2.237436178160172595e+00 7.722559065806888157e+02
2.394056710631384810e+00 6.783663558041730539e+02
2.561640680375583123e+00 5.944123952132650857e+02
2.740955528001873809e+00 5.196175674613174351e+02
2.932822414962002355e+00 4.532030485228159478e+02
3.138119984009343000e+00 3.944175307408735307e+02
3.357788382889998147e+00 3.425396889870630162e+02
3.592833569692298390e+00 2.968821003690835028e+02
3.844331919570759482e+00 2.568061528060143814e+02
4.113435153940715239e+00 2.217105266134276462e+02
4.401375614716565465e+00 1.910440773172784930e+02
4.709471907746725527e+00 1.642994832162125647e+02
5.039134941288996750e+00 1.410244690671057697e+02
5.391874387179227845e+00 1.208082411434166801e+02
5.769305594281774141e+00 1.032827219447978138e+02
6.173156985881499637e+00 8.812119090092376439e+01
6.605277974893206228e+00 7.503033088878609647e+01
7.067647433135732626e+00 6.375144685545788548e+01
7.562382753455235473e+00 5.405472786484561709e+01
8.091749546197103626e+00 4.573505086634328620e+01
8.658172014430901342e+00 3.861438712342260260e+01
9.264244055441066550e+00 3.253547229513764449e+01
9.912741139321942896e+00 2.735941185363132888e+01
1.060663301907448108e+01 2.296364612270439665e+01
1.134909733040969648e+01 1.924021917369032408e+01
1.214353414353837834e+01 1.609426873254886914e+01
1.299358153358606671e+01 1.344267902913662205e+01
1.390313224093709543e+01 1.121285999428407898e+01
1.487635149780269650e+01 9.341684433432988044e+00
1.591769610264888435e+01 7.774499942095099314e+00
1.703193482983430584e+01 6.464209938245481624e+00
1.822417026792271599e+01 5.370521991173162313e+00
1.949986218667730498e+01 4.458786545201419926e+00
2.086485253974472798e+01 3.699564677459649342e+00
2.232539221752686132e+01 3.068003788644058538e+00
2.388816967275374026e+01 2.543125443886141479e+00
2.556034154984645568e+01 2.107246276637475102e+00
2.734956545833571440e+01 1.745511044460166472e+00
2.926403504041921622e+01 1.445471836796246912e+00
3.131251749324857059e+01 1.196720602714723691e+00
3.350439371777598296e+01 9.905704877168084455e-01
3.584970127802031215e+01 8.197820747481704418e-01
3.835918036748172710e+01 6.783294543625810746e-01
4.104432299320546207e+01 5.612022019226736713e-01
4.391742560272985685e+01 4.642376616529385047e-01
4.699164539492095116e+01 3.839801909189329288e-01
5.028106057256542272e+01 3.175622930224761831e-01
5.380073481264501112e+01 2.626057064309874067e-01
5.756678624953018186e+01 2.171391190744449418e-01
6.159646128699730383e+01 1.795285531712613458e-01
6.590821357708712469e+01 1.484202495034307456e-01
7.052178852748323834e+01 1.226928336432102917e-01
7.545831372440709117e+01 1.014176990462948291e-01
8.074039568511560105e+01 8.382597767524367638e-02
8.639222338307371274e+01 6.928119277762428974e-02
9.243967901988888514e+01 5.725651735545430471e-02
9.891045655128112912e+01 4.731590231434504301e-02
1.058341885098708133e+02 3.909819213045553910e-02
1.132425817055618040e+02 3.230569219776838891e-02
1.211695624249511241e+02 2.669180779978147858e-02
1.296514317946977144e+02 2.205238557649611894e-02
1.387270320203265896e+02 1.821852869145527618e-02
1.484379242617494583e+02 1.505054886028190861e-02
1.588285789600719511e+02 1.243294057404093628e-02
1.699465794872770630e+02 1.027020050371673515e-02
1.818428400513864744e+02 8.483376569164488915e-03
1.945718388549835822e+02 7.007203061878724409e-03
2.081918675748324574e+02 5.787737639383533361e-03
2.227652983050707576e+02 4.780406946593204059e-03
2.383588691864257498e+02 3.948398229911126260e-03
2.550439900294756512e+02 3.261322897987420193e-03
2.728970693315390008e+02 2.694127332037428088e-03
2.919998641847467411e+02 2.226196381320516993e-03
3.124398546776791363e+02 1.840601363981710092e-03
3.343106445051166702e+02 1.523406185130053584e-03
3.577123896204749371e+02 1.262943795266803244e-03
3.827522568939082817e+02 1.049120116916383650e-03
4.095449148764819256e+02 8.731162448601879596e-04
4.382130589178357241e+02 7.275853073934563861e-04
4.688879730420833312e+02 6.067564299805087340e-04
5.017101311550292735e+02 5.061727300265913068e-04
5.368298403358816131e+02 4.223288005253030821e-04
5.744079291593933476e+02 3.523918469363304965e-04
6.146164842005510991e+02 2.940393671005941804e-04
6.576396380945895999e+02 2.453476478975742214e-04
7.036744127612108741e+02 2.047161208881887243e-04
7.529316216544959843e+02 1.708105923314139790e-04
8.056368351703108601e+02 1.425180494191456216e-04
8.620314136322326704e+02 1.189096739336553650e-04
9.223736125864892301e+02 9.921036212457959747e-05
9.869397654675434524e+02 8.277324947946431062e-05
1.056025549050271820e+03 6.905880950035254821e-05
1.129947337483790761e+03 5.761591726030512202e-05
1.209043651107656615e+03 4.806837259821424631e-05
1.293676706685192812e+03 4.010236144215583760e-05
1.384234076153156366e+03 3.345601505131303967e-05
1.481130461483877752e+03 2.791080602028629025e-05
1.584809593787749691e+03 2.328437599638485446e-05
1.695746265352892124e+03 1.942455235736790557e-05
1.814448503927595311e+03 1.620435644978991086e-05
1.941459899202526913e+03 1.351783359532162644e-05
2.077362092146704526e+03 1.127657330462349957e-05
2.222777438596974207e+03 9.406802890895110095e-06
2.378371859298762956e+03 7.846968078102496105e-06
2.544857889449676804e+03 6.545710113989202782e-06
2.722997941711155363e+03 5.460177701488428995e-06
2.913607797630936602e+03 4.554618944028340542e-06
3.117560343465102505e+03 3.799204298792500231e-06
3.335789567507660649e+03 3.169047365701030132e-06
3.569294837233197086e+03 2.643384920952831072e-06
3.819145475839521623e+03 2.204894237877233070e-06
4.086485659148288505e+03 1.839123492254340894e-06
4.372539655288668655e+03 1.534016125777255214e-06
4.678617431158875661e+03 1.279513711941705465e-06
5.006120651339999313e+03 1.067225137598348253e-06
5.356549096933800683e+03 8.901502948450496936e-07
5.731507533719168350e+03 7.424493842082464083e-07
6.132713061079511135e+03 6.192510264472559012e-07
6.562002975355077979e+03 5.164912803819204581e-07
7.021343183629935083e+03 4.307802058550946355e-07
7.512837206484030503e+03 3.592899659845202799e-07
8.038735810937898350e+03 2.996615647094738240e-07
8.601447317703552471e+03 2.499273182444903699e-07
9.203548629942803018e+03 2.084458417925801552e-07
9.847797034038800120e+03 1.738479607322641617e-07
1.053714282642151920e+04 1.449916136361914959e-07
1.127474282427102662e+04 1.209241793561294098e-07
1.206397482197000318e+04 1.008510600133821811e-07
1.290845305950790498e+04 8.410945641180382319e-08
1.381204477367346044e+04 7.014655813376399637e-08
1.477888790783060358e+04 5.850123961934834926e-08
1.581341006137875047e+04 4.878889290713473216e-08
1.692034876567526226e+04 4.068873286253684826e-08
1.810477317927253534e+04 3.393318389775928111e-08
1.937210730182161933e+04 2.829908613103858281e-08
2.072815481294913116e+04 2.360030119325091059e-08
2.217912564985558129e+04 1.968158343935713115e-08
2.373166444534547190e+04 1.641344735068259833e-08
2.539288095651965705e+04 1.368790331104907214e-08
2.717038262347604177e+04 1.141487919835857374e-08
2.907230940711937001e+04 9.519254781732982650e-09
3.110737106561773544e+04 7.938377659516102609e-09
3.328488704021098238e+04 6.619995395655158634e-09
3.561482913302576344e+04 5.520528027441478950e-09
3.810786717233757372e+04 4.603630388532658556e-09
4.077541787440120970e+04 3.838990068823799107e-09
4.362969712560930202e+04 3.201327431177942079e-09
4.668377592440196895e+04 2.669558724880886032e-09
4.995164023911011463e+04 2.226101106022142385e-09
5.344825505584782513e+04 1.856290439986548909e-09
5.718963290975717973e+04 1.547897789180557744e-09
6.119290721344020130e+04 1.290724043080176242e-09
6.547641071838102653e+04 1.076263845968260225e-09
7.005975946866770391e+04 8.974239535568238046e-10
7.496394263147446327e+04 7.482889636221352154e-10
8.021141861567768501e+04 6.239256363802217099e-10
8.582621791877514625e+04 5.202188620753585999e-10
9.183405317308942904e+04 4.337125641585633383e-10
9.826243689520569751e+04 3.609431694647947606e-10